186 243
187 241
188 238
189 234
189 230
190 227
191 225
191 223
191 221
191 217
191 213
191 210
191 205
191 199
191 195
191 190
191 186
191 182
191 179
191 175
191 171
191 167
191 163
191 157
190 153
189 149
188 145
187 141
186 137
183 134
181 130
179 127
177 122
175 118
174 115
172 112
170 109
169 107
168 104
167 102
169 101
177 98
183 96
188 94
194 93
200 91
207 90
214 89
221 89
227 87
232 87
235 87
239 87
244 87
251 88
257 90
262 92
267 95
270 98
274 102
277 107
281 115
284 123
285 129
286 133
287 137
287 139
287 141
286 142
285 143
283 145
281 148
279 151
275 153
271 157
267 159
262 163
259 165
254 167
251 169
248 171
245 173
242 173
240 175
238 175
236 176
234 177
231 178
229 178
227 179
225 179
223 180
221 180
220 180
221 179
223 179
226 177
229 176
231 176
234 175
237 175
239 175
242 175
246 175
250 175
255 175
258 175
261 175
265 176
268 176
271 177
273 178
275 179
279 181
281 184
284 186
287 189
290 192
292 194
295 197
296 198
297 201
299 204
299 207
301 211
301 216
301 222
300 227
299 230
298 234
295 237
292 240
289 241
286 245
282 247
279 248
275 250
270 251
266 252
261 253
257 253
253 254
249 254
245 255
241 255
237 255
233 255
229 254
223 253
218 251
211 247
205 243
199 239
196 235
343 173
343 177
344 181
345 185
345 190
346 193
347 196
348 199
349 203
352 207
353 211
355 215
357 219
358 221
361 224
362 225
365 227
367 229
371 230
375 232
378 234
381 235
385 237
388 239
390 239
392 239
393 239
395 239
394 170
394 179
395 184
395 188
395 191
396 193
397 195
397 197
397 199
397 202
397 205
398 209
398 213
399 217
399 222
399 227
399 231
399 235
399 239
399 243
399 247
399 251
399 257
399 261
398 266
397 271
396 275
395 279
394 283
393 287
392 291
390 295
387 299
383 304
381 307
376 309
370 312
363 314
356 317
350 318
344 319
336 320
329 321
323 321
319 321
447 228
450 228
454 229
459 231
465 232
469 233
475 233
479 233
483 233
487 233
490 233
493 233
495 232
497 231
500 229
504 228
507 226
512 224
515 222
517 221
520 219
521 218
521 217
521 214
521 212
521 209
519 207
519 203
519 199
518 197
517 194
516 192
515 189
514 187
511 184
509 181
507 178
505 176
503 173
501 171
499 168
497 166
495 165
495 163
493 161
492 161
490 159
489 158
488 157
487 157
485 156
484 156
482 156
480 156
478 156
474 156
472 157
470 157
468 159
467 159
465 161
463 163
461 164
461 166
459 169
459 170
458 172
457 173
457 177
456 179
455 182
455 183
455 185
455 189
454 193
454 197
454 201
454 203
454 207
454 210
455 213
455 217
456 220
456 223
457 226
457 229
459 233
461 237
461 239
461 240
464 244
466 247
467 249
471 252
475 255
479 258
482 260
487 261
491 263
495 263
499 263
502 263
505 263
507 263
509 263
511 263
512 263
514 263
517 263
519 263
521 263
523 263
523 262